616
7378
1954
8918
2686
7019
1347
7617
4075
7386
6087
1816
7945
164
6184
6958
9827
4290
2638
9191
1812
1066
5008
3010
1288
4887
1767
828
6537
9177
5719
4706
818
1599
9347
9266
9578
556
3349
9329
4503
2127
3150
8610
4159
9432
4591
4624
5700
4391
6810
5054
9005
1314
8052
4601
6555
4818
2334
226
6047
4064
9438
429
5517
3395
4822
1920
5614
8307
133
1395
8053
7725
8983
5478
8255
364
1982
5854
5524
7367
4673
2940
5308
9148
5820
9325
286
8088
9764
452
9708
4346
3513
9414
2216
9492
5117
8636
3678
8137
3374
3402
5247
8581
4646
8567
9413
2583
8694
5265
4200
384
8395
3338
9803
9466
9166
8641
6261
9732
2315
5554
6192
1388
3981
2391
8108
9349
2024
5990
4117
9076
1937
9013
1033
7355
6529
2278
4438
2195
9000
7525
91
5902
9653
4851
1844
2012
5695
28
2366
7520
1206
9717
5178
5976
2178
5458
1866
3115
6020
6584
2030
6499
9352
2552
1439
2535
6145
2244
2267
6139
9460
8728
3988
4495
9184
3796
7844
8960
1627
8047
9562
1964
35
9854
1956
5408
8249
6411
8488
1585
6870
4419
5875
5797
9545
9390
